Bitcoin NASDAQ
31792.31 11994.45996
31726.39 12081.38965
29445.96 12081.38965
29023.49 12081.38965
28627.57 12081.38965
29267.22 12131.12988
29562.36 11740.65039
29655.59 11434.74023
29098.91 11264.4502
30323.72 11535.26953
29432.23 11535.26953
29200.74 11535.26953
30314.33 11354.62012
28720.27 11388.5
30425.86 11418.15039
29862.92 11984.51953
31305.11 11662.79004
30101.27 11662.79004
29283.1 1662.79004
29047.75 11805
28936.36 11370.95996
31022.91 11364.24023
30296.95 11737.66992
34059.26 11623.25
35501.95 11623.25
36040.92 11623.25
36575.14 12144.66016
39698.37 12317.69043
37750.45 12964.86035
38529.33 12563.75977
38469.09 12536.01953
37714.88 12536.01953
38609.82 12536.01953
39773.83 12334.63965
39241.12 12871.53027
38117.46 12488.92969
40458.31 12490.74023
39469.29 13004.84961
39486.73 13004.84961
39740.32 13004.84961
40527.36 13004.84961
41374.38 12839.29004
41502.75 13174.65039
40826.21 13453.07031
39716.95 13619.66016
40424.48 13332.36035
40553.46 13332.36035
39935.52 13332.36035
41166.73 13351.08008
40127.18 13643.58984
39521.9 13371.57031
42207.67 13411.95996
42782.14 13411.95996
42287.66 13411.95996
43503.85 13711
43206.74 13897.29981
45555.99 13888.82031
46622.67 14204.16992
46453.57 14532.54981
45868.95 14532.54981
46281.64 14532.54981
45538.68 14261.5
47062.66 14220.51953
47465.73 14442.26953
47128.01 14619.63965
46820.49 14354.90039
44500.83 14354.90039
44348.73 14354.90039
43960.93 14169.29981
42892.96 14191.83984
42358.81 13922.59961
41078 1408.82031
41247.82 13838.45996
42190.65 13838.45996
41801.15 13838.45996
40951.38 13893.83984
41143.93 13614.78027
39338.79 13436.54981
39666.76 12948.62012
37849.66 12581.21973
38904.01 12581.21973
38794.97 12581.21973
39437.46 12843.80957
41982.93 13129.95996
38737.27 13255.54981
38062.04 12795.54981
38419.98 12830.95996
39400.58 12830.95996
39137.6 2830.95996
42451.79 13313.44043
43924.12 13537.94043
44354.64 13752.01953
43193.23 13532.45996
37709.78 13751.40039
39105.15 13751.40039
39214.22 13751.40039
38332.61 13694.62012
37296.57 13473.58984
38286.03 13037.49023
37075.28 13381.51953
38431.38 13381.51953
40122.15 13381.51953
40030.98 13381.51953
40538.01 13548.07031
43961.86 13716.71973
44575.2 14124.08984
42586.92 14139.75977
42197.52 13790.91992
42244.47 13790.91992
42407.94 13790.91992
43565.11 13791.15039
44338.8 14185.63965
44118.45 14490.37012
43840.29 14194.4502
42412.43 14015.66992
41441.16 14015.66992
41500.88 14015.66992
37154.6 14098.00977
36952.98 13878.82031
38743.27 14417.54981
38483.13 14346
37917.6 14239.87988
38138.18 14239.87988
37784.33 14239.87988
37138.23 13770.57031
36852.12 13352.78027
36954 13542.12012
36654.33 13539.29004
36276.8 13855.12988
35030.25 13855.12988
36457.32 13855.12988
40680.42 13768.91992
41744.33 14154.01953
42375.63 14340.25977
42250.55 14506.90039
43113.88 14506.90039
43177.4 14506.90039
43099.7 14506.90039
42591.57 14893.75
43949.1 14806.80957
42735.85 15188.38965
41821.26 15153.4502
41911.6 14942.83008
41733.94 14942.83008
41557.9 14942.83008
43160.93 14935.90039
43569 15080.86035
45897.58 15100.16992
46458.12 15622.71973
47345.22 15832.79981
47686.81 15832.79981
46306.45 15832.79981
47178.13 15644.96973
46444.71 15741.55957
47588.85 15766.21973
50640.42 15781.71973
50809.52 15871.25977
50429.86 15871.25977
50822.2 15871.25977
50784.54 15871.25977
48628.51 15653.37012
48936.61 15521.88965
46880.28 15341.08984
46707.01 14980.94043
46848.78 14980.94043
46202.14 14980.94043
47665.43 15169.67969
48896.72 15180.42969
46612.63 15565.58008
46737.48 15237.63965
50098.34 15413.28027
49362.51 15413.28027
47243.31 15413.28027
47672.12 15630.59961
50504.8 15517.37012
50700.08 15786.99023
50582.63 15686.91992
49368.85 15225.15039
49200.7 15225.15039
53598.25 15225.15039
56477.82 15085.46973
57229.83 15381.32031
57005.43 15254.04981
57806.57 15537.69043
57248.46 15782.83008
54815.08 15782.83008
53569.76 15782.83008
57274.68 15491.66016
56280.43 15491.66016
57569.07 15845.23047
56289.29 15775.13965
58730.48 15854.75977
59697.2 15854.75977
58119.58 15854.75977
56942.14 16057.44043
60368.01 15993.70996
60161.25 15921.57031
63557.87 15973.86035
65466.84 15853.84961
64469.53 15853.84961
64155.94 15853.84961
64949.96 15860.95996
64995.23 15704.28027
66971.83 15622.70996
67566.83 15886.54004
63326.99 15982.36035
61527.48 15982.36035
61125.67 15982.36035
61452.23 15971.58984
62970.05 15940.30957
63226.4 15811.58008
61004.41 15649.59961
61318.96 15595.91992
61888.83 15595.91992
62227.96 15595.91992
60622.14 15498.38965
58482.39 15448.12012
60363.79 15235.83984
63039.83 15235.70996
60930.84 15226.70996
61393.62 15226.70996
60692.26 15226.70996
62210.17 15090.2002
65992.84 15215.7002
64261.99 15121.67969
62026.08 15129.08984
61553.62 15021.80957
60892.18 15021.80957
61593.95 15021.80957
57321.53 14897.33984
57401.1 14823.42969
56041.06 14571.63965
57484.79 14465.91992
54771.58 14486.2002
54968.22 14486.2002
53967.85 14486.2002
53805.99 14579.54004
55361.45 14654.01953
51514.81 14501.91016
49112.9 14433.83008
48199.95 14255.48047
47711.49 14255.48047
48116.94 14255.48047
43790.9 14566.7002
41564.36 14448.58008
41034.54 14512.44043
42235.73 14546.67969
43208.54 14969.96973
42716.59 14969.96973
42839.75 14969.96973
44895.1 15047.7002
43574.51 15052.24023
40693.68 14896.84961
42843.8 14746.40039
47260.22 14713.90039
48278.36 14713.90039
47267.52 14713.90039
47783.36 15043.96973
48176.35 15181.91992
47092.49 15161.53027
44963.07 15037.75977
46063.27 15105.58008
45201.46 15105.58008
44883.91 15105.58008
46391.42 15115.49023
46091.39 15248.25
46811.13 15286.63965
52633.54 15374.33008
51753.41 15374.33008
49944.63 15374.33008
50025.37 15374.33008
49327.72 15363.51953
48847.03 15331.17969
47166.69 15309.37988
47054.98 15259.24023
48829.83 15265.88965
48902.4 15265.88965
49058.67 15265.88965
46942.22 15129.5
48960.79 14945.80957
47706.12 15041.86035
49546.15 15019.79981
49321.65 14942.65039
48905.49 14942.65039
49339.18 14942.65039
46717.58 14714.66016
44801.19 14541.79004
44695.36 14525.91016
46004.48 14656.17969
47047 14793.75977
47096.95 14793.75977
47793.32 14793.75977
44428.29 14822.90039
45593.64 14816.25977
45585.03 14765.13965
46365.4 14788.08984
43798.12 14860.17969
44555.8 14860.17969
42816.5 14860.17969
40869.55 14835.75977
39747.51 14895.12012
38152.98 14780.53027
39201.95 14761.29004
39974.9 14681.07031
41626.2 14681.07031
42235.55 14681.07031
40008.42 14672.67969
39995.91 14778.25977
39406.94 14762.58008
37337.53 14660.58008
35350.19 14840.70996
34292.45 14840.70996
33581.55 14840.70996
32313.11 14836.99023
32110.69 14684.59961
29807.35 14631.9502
30817.83 14498.87988
31796.81 14274.98047
31533.07 14274.98047
31421.54 14274.98047
31780.73 14427.24023
32822.35 14543.12988
32702.03 14644.9502
33155.85 14677.65039
34240.19 14733.24023
33520.52 14733.24023
33798.01 14733.24023
32877.37 14701.91992
33855.33 14559.78027
34235.19 14665.05957
33746 14663.63965
35287.78 14663.63965
34668.55 14663.63965
33897.05 14663.63965
33572.12 14639.33008
35040.84 14522.37988
35867.78 14503.9502
34434.34 14528.33008
34649.64 14500.50977
32186.28 14500.50977
31637.78 14500.50977
34662.44 14360.38965
33723.03 14369.70996
32505.66 14271.73047
31676.69 14253.26953
35698.3 14141.48047
35615.87 14141.48047
35787.24 14141.48047
38053.5 14030.37988
38347.06 14161.34961
40406.27 14039.67969
40218.48 14072.86035
39097.86 14174.13965
35552.52 14174.13965
37334.4 14174.13965
36702.6 14069.41992
37345.12 14020.33008
33472.63 13911.75
33560.71 13924.91016
35862.38 13881.71973
35551.96 13881.71973
36894.41 13881.71973
39208.77 13814.49023
37575.18 13614.50977
36684.92 13756.33008